基站坐标
X:-1178093.157015
Y:5838582.634637
Z:2275048.822435
数据采取于老挝，时间20250912，开始于15：44截至与16：44时长1h，使用梦芯芯片，基线长度约3KM，输出原始数据格式为RTCM3，版本为rinex3.02